100 0.245
600 0.775833
1100 0.98
1600 1.03359
2100 1.02083
2600 1.00356
3100 0.983952
3600 0.993611
4100 0.997927
4600 1.02261
5100 1.01363
5600 1.02156
6100 1.03623
6600 1.03568
7100 1.03866
7600 1.02997
8100 1.03444
8600 1.01419
9100 1.00827
9600 1.00297
10100 0.982426
10600 0.973066
11100 0.970068
11600 0.957823
12100 0.95874
12600 0.949861
13100 0.944466
13600 0.947574
14100 0.940904
14600 0.94476
15100 0.945927
15600 0.939167
16100 0.943478
16600 0.945316
17100 0.940599
17600 0.938935
18100 0.935331
18600 0.935215
19100 0.937029
19600 0.935625
20100 0.9349
20600 0.931833
21100 0.935877
21600 0.9386
22100 0.93233
22600 0.936637
23100 0.930682
23600 0.936398
24100 0.93832
24600 0.938171
25100 0.939492
25600 0.94459
26100 0.939636
26600 0.942237
27100 0.938413
27600 0.934728
28100 0.93161
28600 0.9316
29100 0.929064
29600 0.928682
30100 0.929128
30600 0.932761
31100 0.934703
31600 0.934644
32100 0.932298
32600 0.934908
33100 0.932258
33600 0.934427
34100 0.929707
34600 0.932204
35100 0.929744
35600 0.929417
36100 0.931475
36600 0.929126
37100 0.928491
37600 0.929501
38100 0.92727
38600 0.926049
39100 0.926426
39600 0.924628
40100 0.921958
40600 0.921767
41100 0.923072
41600 0.924934
42100 0.922969
42600 0.923063
43100 0.92344
43600 0.926055
44100 0.928611
44600 0.928089
45100 0.927849
45600 0.931107
46100 0.930309
46600 0.927162
47100 0.931624
47600 0.931103
48100 0.932121
48600 0.928832
49100 0.929104
49600 0.927888
50100 0.928653
50600 0.928676
51100 0.932055
51600 0.932519
52100 0.93274
52600 0.932258
53100 0.933399
53600 0.933148
54100 0.933808
54600 0.935577
55100 0.934424
55600 0.934834
56100 0.933053
56600 0.934333
57100 0.935377
57600 0.936827
58100 0.936566
58600 0.934219
59100 0.932741
59600 0.931904
60100 0.933324
60600 0.933709
61100 0.934088
61600 0.933267
62100 0.93246
62600 0.932839
63100 0.933601
63600 0.933196
64100 0.933561
64600 0.932403
65100 0.933522
65600 0.931448
66100 0.933298
66600 0.933097
67100 0.932168
67600 0.93216
68100 0.931072
68600 0.93125
69100 0.931071
69600 0.930894
70100 0.931419
70600 0.930896
71100 0.930897
71600 0.932437
72100 0.931917
72600 0.931574
73100 0.933916
73600 0.934395
74100 0.935364
74600 0.93435
75100 0.935469
75600 0.935116
76100 0.933962
76600 0.936022
77100 0.934241
77600 0.935325
78100 0.9342
78600 0.934179
79100 0.93354
79600 0.934447
80100 0.935649
80600 0.935924
81100 0.935743
81600 0.936164
82100 0.935984
82600 0.936695
83100 0.937693
83600 0.936773
84100 0.936302
84600 0.935836
85100 0.935808
85600 0.934921
86100 0.934898
86600 0.935583
87100 0.934854
87600 0.933853
88100 0.935088
88600 0.935618
89100 0.936692
89600 0.936387
90100 0.936357
90600 0.936598
91100 0.937105
91600 0.939211
92100 0.93797
92600 0.939255
93100 0.938816
93600 0.939821
94100 0.939644
94600 0.939598
95100 0.940455
95600 0.939637
96100 0.938827
96600 0.93904
97100 0.939755
97600 0.939711
98100 0.939791
98600 0.940368
99100 0.941309
99600 0.94052
100000 0.94031
