100 0.699517
600 0.168684
1100 0.0354828
1600 0.0890766
2100 0.0763161
2600 0.0590405
3100 0.0394344
3600 0.0490939
4100 0.0534096
4600 0.0780915
5100 0.0691103
5600 0.0770453
6100 0.0917123
6600 0.0911646
7100 0.0941448
7600 0.0854499
8100 0.0899273
8600 0.0696689
9100 0.063752
9600 0.0584516
10100 0.0379086
10600 0.0285489
11100 0.0255504
11600 0.0133061
12100 0.0142225
12600 0.00534393
13100 5.1537e-05
13600 0.00305634
14100 0.00361293
14600 0.000243088
15100 0.00140997
15600 0.00535052
16100 0.00103893
16600 0.000799079
17100 0.00391777
17600 0.00558253
18100 0.00918569
18600 0.00930213
19100 0.00748839
19600 0.00889219
20100 0.00961669
20600 0.0126847
21100 0.00864041
21600 0.00591765
22100 0.0121869
22600 0.00788002
23100 0.0138354
23600 0.00811888
24100 0.00619768
24600 0.00634645
25100 0.00502515
25600 7.26579e-05
26100 0.00488117
26600 0.00228034
27100 0.0061039
27600 0.00978893
28100 0.0129069
28600 0.0129175
29100 0.0154536
29600 0.0158348
30100 0.0153893
30600 0.0117557
31100 0.00981461
31600 0.0098732
32100 0.0122197
32600 0.00960921
33100 0.0122589
33600 0.0100901
34100 0.0148104
34600 0.0123134
35100 0.0147736
35600 0.0151001
36100 0.0130421
36600 0.0153915
37100 0.0160266
37600 0.0150159
38100 0.0172468
38600 0.018468
39100 0.0180914
39600 0.0198897
40100 0.0225596
40600 0.0227499
41100 0.0214454
41600 0.0195833
42100 0.0215481
42600 0.0214538
43100 0.0210775
43600 0.0184621
44100 0.0159061
44600 0.0164286
45100 0.016668
45600 0.0134097
46100 0.0142081
46600 0.0173552
47100 0.012893
47600 0.0134142
48100 0.0123966
48600 0.0156849
49100 0.0154133
49600 0.0166291
50100 0.0158645
50600 0.0158413
51100 0.0124624
51600 0.0119978
52100 0.0117773
52600 0.0122596
53100 0.0111179
53600 0.0113689
54100 0.0107094
54600 0.00894026
55100 0.0100934
55600 0.00968355
56100 0.0114646
56600 0.0101841
57100 0.00914065
57600 0.00768993
58100 0.00795092
58600 0.0102979
59100 0.0117761
59600 0.0126128
60100 0.0111936
60600 0.0108084
61100 0.0104296
61600 0.0112501
62100 0.0120574
62600 0.0116777
63100 0.0109158
63600 0.0113214
64100 0.0109563
64600 0.0121139
65100 0.0109957
65600 0.013069
66100 0.0112192
66600 0.0114203
67100 0.0123488
67600 0.0123574
68100 0.0134452
68600 0.0132672
69100 0.0134463
69600 0.0136228
70100 0.0130978
70600 0.0136213
71100 0.0136206
71600 0.01208
72100 0.0125997
72600 0.0129435
73100 0.0106013
73600 0.0101218
74100 0.00915281
74600 0.0101673
75100 0.00904781
75600 0.00940145
76100 0.0105553
76600 0.00849565
77100 0.0102759
77600 0.0091918
78100 0.0103174
78600 0.0103378
79100 0.0109774
79600 0.0100699
80100 0.008868
80600 0.00859287
81100 0.00877428
81600 0.00835297
82100 0.00853363
82600 0.00782227
83100 0.00682465
83600 0.00774386
84100 0.00821516
84600 0.0086809
85100 0.00870931
85600 0.00959604
86100 0.00961881
86600 0.00893405
87100 0.00966357
87600 0.0106644
88100 0.00942922
88600 0.00889924
89100 0.00782527
89600 0.00813047
90100 0.00816036
90600 0.0079195
91100 0.00741236
91600 0.00530594
92100 0.00654759
92600 0.00526233
93100 0.0057014
93600 0.00469614
94100 0.00487319
94600 0.00491888
95100 0.0040624
95600 0.00488068
96100 0.00569044
96600 0.00547733
97100 0.00476178
97600 0.00480663
98100 0.00472616
98600 0.00414954
99100 0.0032079
99600 0.00399761
100000 0.00420719
