3.5 0.94287
3.6 0.943047
3.7 0.942584
3.8 0.941575
3.9 0.940754
4 0.940544
4.1 0.940839
4.2 0.941923
4.3 0.941881
4.4 0.942329
4.5 0.941848
4.6 0.941705
4.7 0.940946
4.8 0.940861
4.9 0.942296
5 0.940825
5.1 0.939767
5.2 0.939018
5.3 0.938993
5.4 0.938865
5.5 0.940049
5.6 0.940267
5.7 0.940001
5.8 0.939061
5.9 0.938164
6 0.939708
6.1 0.940222
6.2 0.941626
6.3 0.942598
6.4 0.946094
6.5 0.945682
6.6 0.945949
6.7 0.946461
6.8 0.945932
6.9 0.943583
7 0.943103
7.1 0.943423
7.2 0.94214
7.3 0.94318
7.4 0.945815
7.5 0.944662
7.6 0.945185
7.7 0.944964
7.8 0.946853
7.9 0.947009
8 0.946304
8.1 0.946227
8.2 0.945394
8.3 0.944137
8.4 0.942611
8.5 0.940695
8.6 0.941585
8.7 0.942643
8.8 0.940586
8.9 0.94054
9 0.938385
9.1 0.937492
9.2 0.936542
9.3 0.937292
9.4 0.934672
9.5 0.934087
9.6 0.933673
9.7 0.933655
9.8 0.934085
9.9 0.933839
10 0.9351
10.1 0.935432
10.2 0.935632
10.3 0.936138
10.4 0.936341
10.5 0.935361
10.6 0.938206
10.7 0.936757
10.8 0.935919
10.9 0.935866
11 0.934362
11.1 0.9327
11.2 0.932396
11.3 0.932903
11.4 0.932723
11.5 0.932362
11.6 0.933174
11.7 0.931126
11.8 0.933047
11.9 0.935334
12 0.93744
12.1 0.935267
12.2 0.931887
12.3 0.930585
12.4 0.930402
12.5 0.930312
12.6 0.932397
12.7 0.933063
12.8 0.932413
12.9 0.932395
13 0.932373
13.1 0.931499
13.2 0.932707
13.3 0.929911
13.4 0.927427
13.5 0.928564
13.6 0.92702
13.7 0.929253
13.8 0.929919
13.9 0.931465
14 0.931588
14.1 0.931425
14.2 0.930367
14.3 0.928794
14.4 0.928973
14.5 0.930146
14.6 0.93087
14.7 0.931132
14.8 0.932015
14.9 0.935994
15 0.935775
15.1 0.935297
15.2 0.935481
15.3 0.934019
15.4 0.933462
15.5 0.934092
15.6 0.937423
15.7 0.93469
15.8 0.93615
15.9 0.937672
16 0.937984
16.1 0.93834
16.2 0.937173
16.3 0.93948
16.4 0.940015
16.5 0.939535
16.6 0.937455
16.7 0.939302
16.8 0.939295
16.9 0.941085
17 0.938383
17.1 0.939221
17.2 0.937221
17.3 0.938274
17.4 0.937648
17.5 0.931919
17.6 0.935165
17.7 0.935171
17.8 0.931826
17.9 0.933354
18 0.933768
18.1 0.93205
18.2 0.934097
18.3 0.935013
18.4 0.937473
18.5 0.941872
18.6 0.939973
18.7 0.943464
18.8 0.944038
18.9 0.94232
19 0.941488
19.1 0.940845
19.2 0.940401
19.3 0.942772
19.4 0.942782
19.5 0.941499
19.6 0.943113
19.7 0.944611
19.8 0.946385
19.9 0.94884
20 0.9484
20.1 0.949019
20.2 0.950733
20.3 0.949867
20.4 0.949677
20.5 0.948925
20.6 0.94802
20.7 0.948248
20.8 0.947482
20.9 0.945694
21 0.94815
21.1 0.950523
21.2 0.950116
21.3 0.944129
21.4 0.944771
21.5 0.943915
21.6 0.943851
21.7 0.938955
21.8 0.935748
21.9 0.93476
22 0.930248
22.1 0.930909
22.2 0.932946
22.3 0.9359
22.4 0.933274
22.5 0.934538
22.6 0.933159
22.7 0.936282
22.8 0.937791
22.9 0.940267
23 0.940033
23.1 0.941288
23.2 0.940844
23.3 0.943543
23.4 0.945636
23.5 0.946004
23.6 0.945718
23.7 0.944763
23.8 0.946521
23.9 0.946495
24 0.945216
24.1 0.943816
24.2 0.943466
24.3 0.943013
24.4 0.943646
24.5 0.947195
24.6 0.947681
24.7 0.94747
24.8 0.944701
24.9 0.946135
25 0.944375
25.1 0.946905
25.2 0.949385
25.3 0.949894
25.4 0.950321
25.5 0.950015
25.6 0.950272
25.7 0.946482
25.8 0.944543
25.9 0.945842
26 0.949104
26.1 0.942795
26.2 0.944541
26.3 0.944849
26.4 0.946472
26.5 0.949442
26.6 0.948838
26.7 0.949569
26.8 0.949513
26.9 0.952994
27 0.953532
27.1 0.95253
27.2 0.956613
27.3 0.955462
27.4 0.954216
27.5 0.958169
27.6 0.959818
27.7 0.95988
27.8 0.959867
27.9 0.962893
28 0.963536
28.1 0.962535
28.2 0.963036
28.3 0.965072
28.4 0.965452
28.5 0.965765
28.6 0.966829
28.7 0.966188
28.8 0.967956
28.9 0.968844
29 0.965468
29.1 0.964517
29.2 0.961778
29.3 0.96065
29.4 0.956847
29.5 0.959886
29.6 0.961148
29.7 0.964124
29.8 0.961747
29.9 0.964637
30 0.9639