3.5 0.00164694
3.6 0.00146983
3.7 0.00193331
3.8 0.00294255
3.9 0.00376348
4 0.00397319
4.1 0.0036783
4.2 0.00259411
4.3 0.00263659
4.4 0.00218855
4.5 0.00266944
4.6 0.00281255
4.7 0.00357155
4.8 0.00365575
4.9 0.00222073
5 0.00369219
5.1 0.00474988
5.2 0.00549911
5.3 0.00552467
5.4 0.00565267
5.5 0.00446819
5.6 0.00425031
5.7 0.00451651
5.8 0.00545659
5.9 0.00635288
6 0.00480919
6.1 0.00429491
6.2 0.00289095
6.3 0.00191938
6.4 0.00157689
6.5 0.00116456
6.6 0.00143177
6.7 0.00194357
6.8 0.00141449
6.9 0.000934596
7 0.00141419
7.1 0.00109404
7.2 0.00237703
7.3 0.00133748
7.4 0.00129753
7.5 0.000145314
7.6 0.000667454
7.7 0.000446834
7.8 0.00233573
7.9 0.00249215
8 0.00178681
8.1 0.00171023
8.2 0.000877214
8.3 0.000379736
8.4 0.00190615
8.5 0.00382219
8.6 0.00293243
8.7 0.00187393
8.8 0.00393095
8.9 0.00397765
9 0.00613219
9.1 0.00702518
9.2 0.00797559
9.3 0.00722506
9.4 0.00984511
9.5 0.0104297
9.6 0.0108442
9.7 0.0108621
9.8 0.0104321
9.9 0.0106779
10 0.00941719
10.1 0.00908549
10.2 0.00888547
10.3 0.00837903
10.4 0.00817607
10.5 0.00915619
10.6 0.00631119
10.7 0.00776001
10.8 0.00859783
10.9 0.00865082
11 0.0101552
11.1 0.0118175
11.2 0.0121217
11.3 0.011614
11.4 0.0117943
11.5 0.0121547
11.6 0.0113436
11.7 0.0133914
11.8 0.0114699
11.9 0.00918314
12 0.00707719
12.1 0.00925011
12.2 0.0126299
12.3 0.0139324
12.4 0.0141154
12.5 0.0142047
12.6 0.0121197
12.7 0.0114545
12.8 0.0121037
12.9 0.012122
13 0.0121442
13.1 0.0130181
13.2 0.0118105
13.3 0.0146065
13.4 0.0170898
13.5 0.0159534
13.6 0.0174977
13.7 0.015264
13.8 0.0145987
13.9 0.0130518
14 0.0129292
14.1 0.0130923
14.2 0.0141502
14.3 0.0157236
14.4 0.0155444
14.5 0.0143712
14.6 0.0136475
14.7 0.0133854
14.8 0.012502
14.9 0.00852303
15 0.00874219
15.1 0.00922017
15.2 0.00903623
15.3 0.0104981
15.4 0.0110554
15.5 0.0104252
15.6 0.00709447
15.7 0.00982711
15.8 0.00836719
15.9 0.0068449
16 0.00653319
16.1 0.00617699
16.2 0.00734395
16.3 0.00503735
16.4 0.00450199
16.5 0.00498244
16.6 0.00706207
16.7 0.00521567
16.8 0.00522247
16.9 0.00343224
17 0.00613419
17.1 0.00529627
17.2 0.00729607
17.3 0.00624304
17.4 0.00686947
17.5 0.0125984
17.6 0.00935175
17.7 0.00934654
17.8 0.0126907
17.9 0.0111629
18 0.0107492
18.1 0.0124667
18.2 0.0104204
18.3 0.00950431
18.4 0.00704455
18.5 0.00264519
18.6 0.00454387
18.7 0.00105357
18.8 0.000478946
18.9 0.00219721
19 0.00302919
19.1 0.0036722
19.2 0.00411655
19.3 0.001745
19.4 0.00173539
19.5 0.00301819
19.6 0.00140439
19.7 9.38741e-05
19.8 0.00186737
19.9 0.00432277
20 0.00388281
20.1 0.0045023
20.2 0.00621601
20.3 0.00535026
20.4 0.00515993
20.5 0.00440731
20.6 0.00350305
20.7 0.00373118
20.8 0.00296441
20.9 0.00117646
21 0.00363281
21.1 0.00600616
21.2 0.00559897
21.3 0.000388296
21.4 0.000254294
21.5 0.000602686
21.6 0.000666306
21.7 0.00556253
21.8 0.00876963
21.9 0.0097573
22 0.0142692
22.1 0.0136077
22.2 0.0115711
22.3 0.00861741
22.4 0.0112436
22.5 0.00997969
22.6 0.0113587
22.7 0.00823526
22.8 0.00672583
22.9 0.00425006
23 0.00448419
23.1 0.00322915
23.2 0.00367367
23.3 0.000974366
23.4 0.00111893
23.5 0.00148706
23.6 0.00120089
23.7 0.000245394
23.8 0.00200405
23.9 0.00197778
24 0.000698814
24.1 0.000700936
24.2 0.00105115
24.3 0.00150466
24.4 0.000871586
24.5 0.00267731
24.6 0.00316337
24.7 0.00295258
24.8 0.000184254
24.9 0.00161807
25 0.000142186
25.1 0.00238784
25.2 0.00486761
25.3 0.00537637
25.4 0.00580349
25.5 0.00549806
25.6 0.00575481
25.7 0.00196498
25.8 2.59741e-05
25.9 0.00132491
26 0.00458681
26.1 0.00172255
26.2 2.42541e-05
26.3 0.000331354
26.4 0.00195449
26.5 0.00492481
26.6 0.00432077
26.7 0.00505229
26.8 0.00499609
26.9 0.00847718
27 0.00901481
27.1 0.00801258
27.2 0.0120959
27.3 0.0109446
27.4 0.00969877
27.5 0.0136516
27.6 0.0153004
27.7 0.0153626
27.8 0.0153501
27.9 0.018376
28 0.0190188
28.1 0.0180174
28.2 0.0185185
28.3 0.0205553
28.4 0.0209351
28.5 0.0212481
28.6 0.0223115
28.7 0.0216712
28.8 0.0234393
28.9 0.0243264
29 0.0209508
29.1 0.0199994
29.2 0.0172607
29.3 0.0161331
29.4 0.0123293
29.5 0.0153686
29.6 0.0166303
29.7 0.0196072
29.8 0.0172301
29.9 0.0201196
30 0.0193828
